 1598056
 1598075
 1598162
 1598164
 1598187
 1598216
 1598258
 1598281
 1598292
 1598336
 1598399
 1598440
 1598449
 1598551
 1598552
 1598570
 1598583
 1598575
 1598616
 1598683
 1598696
 1598776
 1598784
 1598846
 1598940
 1598946
 1598980
 1598991
 1906011
 1906027
 1906071
 1906076
 1906077
 1906138
 1906164
 1906161
 1906159
 1906179
 1906189
 1906211
 1906302
 1906308
 1906316
 1906322
 1906379
 1906402
 1906397
 1906427
 1906450
 1906490
 1906507
 1906557
 1906546
 1906566
 1906573
 1906580
 1906606
 1906609
 1906652
 1906653
 1906702
 1906757
 1906770
 1906789
 1906807
 1906900
 1906948
 1906969
 1906982
 1907027
 1907038
 1907181
 1907203
 1907207
 1907220
 1907241
 1907250
 1907271
 1907309
 1907333
 1907357
 1907413
 1907453
 1907463
 1907462
 1907499
 1907590
 1907677
 1907693
 1907701
 1907766
 1907781
 1907804
 1907862
 1907870
 1907892
 1907945
 1907976
 1907997
12372066
12372124
12372141
12372207
12372213
12372244
12372323
12372347
12372416
12372432
12372459
12372471
12372522
12372685
12372712
12372755
12372751
12372798
12372810
12372842
12372901
12372938
12372950
12372968
13780029
13780064
13780097
13780150
13780169
13780197
13780233
13780250
13780245
13780321
13780343
13780381
13780421
13780443
13780444
13780473
13780499
13780528
13780591
13780614
13780644
13780668
13780742
13780863
13780906
13780920
13780935
13780921
13780958
13780973
13780971
13780977
13780968
13845092
13845129
13845128
13845122
13845147
13845177
13845184
13845173
13845206
13845208
13845265
13845289
13845311
13845310
13845357
13845443
13845473
13845502
13845514
13845530
13845644
13845662
13845671
13845687
13845762
13845831
13845813
13845846
13845886
13845914
13845973
13845987
13845977
13994009
13994039
13994079
13994119
13994130
13994158
13994257
13994266
13994269
13994308
13994366
13994392
13994411
13994434
13994455
13994487
13994520
13994573
13994595
13994642
13994658
13994677
13994698
13994704
13994744
13994764
13994787
13994790
13994823
13994829
13994902
13994908
13994914
13994967
13994975
13994985
13994998
  891019
  891027
  891004
  891032
  891049
  891057
  891130
  891157
  891181
  891183
  891215
  891242
  891352
  891394
  891409
  891470
  891472
  891489
  891515
  891506
  891544
  891585
  891642
  891622
  891626
  891638
  891682
  891746
  891759
  891760
  891784
  891794
  891831
  891902
  891949
  891991
  958006
  958036
  958097
  958110
  958155
  958217
  958233
  958225
  958287
  958291
  958304
  958319
  958336
  958371
  958373
  958406
  958469
  958481
  958551
  958575
  958589
  958608
  958628
  958639
  958668
  958678
  958684
  958772
  958821
  958846
  958908
  958952
  958976
  959036
  959047
  959089
  959210
  959203
  959216
  959234
  959250
  959264
  959272
  959296
  959302
  959335
  959483
  959506
  959522
  959542
  959583
  959602
  959620
  959641
  959689
  959699
  959829
  959834
  959844
  959898
  959904
  959913
  959979
 1018077
 1018109
 1018118
 1018165
 1018169
 1018184
 1018199
 1018260
 1018255
 1018256
 1018281
 1018319
 1018360
 1018402
 1018457
 1018508
 1018540
 1018556
 1018631
 1018668
 1018709
 1018745
 1018767
 1018818
 1018836
 1018848
 1018839
 1018845
 1018975
 1018993
 1019000
 1019102
 1019122
 1019129
 1019135
 1019174
 1019196
 1019219
 1019254
 1019380
 1019404
 1019400
 1019409
 1019438
 1019449
 1019452
 1019516
 1019519
 1019561
 1019578
 1019585
 1019613
 1019618
 1019626
 1019717
 1019751
 1019773
 1019760
 1019886
 1019911
 1019994
 1050023
 1050035
 1050085
 1050089
 1050104
 1050123
 1050156
 1050276
 1050291
 1050315
 1050457
 1050556
 1050646
 1050680
 1050703
 1050740
 1050779
 1050789
 1050776
 1050790
 1050851
 1050886
 1050902
 1050914
  961108
  961132
  961134
  961157
  961194
  961201
  961229
  961251
  961274
  961308
  961334
  961389
  961397
  961436
  961445
  961482
  961485
  961506
  961607
  961637
  961643
  961728
  961731
  961756
  961799
  961842
  961833
  961848
  961880
  961898
  961918
  961986
 1093033
 1093044
 1093046
 1093094
 1093102
 1093139
 1093158
 1093192
 1093229
 1093227
 1093218
 1093251
 1093291
 1093351
 1093366
 1093387
 1093411
 1093426
 1093473
 1093476
 1093573
 1093602
 1093674
 1093705
 1093716
 1093749
 1093750
 1093756
 1093832
 1093833
 1093864
 1093926
 1093941
 1093932
  896063
  896072
  896124
  896144
  896139
  896198
  896314
  896337
  896352
  896368
  896374
  896385
  896382
  896388
  896401
  896587
  896601
  896621
  896675
  896680
  896697
  896727
  896747
  896762
  896779
  896801
  896815
  896826
  896831
  896852
  896855
  896882
  896901
  896964
  896980
  927158
  927181
  927210
  927233
  927237
  927266
  927258
  927288
  927382
  927395
  927386
  927523
  927553
  927544
  927586
  927635
  927637
  927754
  927759
  927757
  927876
  927887
  927948
  927999
  927998
  282022
  282042
  282045
  282085
  282122
  282105
  282124
  282143
  282195
  282223
  282246
  282251
  282394
  282475
  282492
  282502
  282715
  282719
  282740
  282749
  282775
  282791
  282787
  282804
  282864
  282867
  282872
  282882
  282892
  282904
  282953
  282967
  283052
  283058
  283081
  283149
  283188
  283212
  283290
  283354
  283356
  283377
  283387
  283435
  283457
  283495
  283525
  283573
  283586
  283663
  283702
  283692
  283726
  283778
  283874
  283879
  283905
  283900
  283918
  283936
  283946
  283993
  548048
  548075
  548119
  548156
  548185
  548207
  548218
  548293
  548350
  548392
  548450
  548483
  548519
  548561
  548572
  548581
  548613
  548639
  548683
  548706
  548740
  548850
  548853
  548946
  548941
  548982
  548991
  549058
  549125
  549180
  549295
  549325
  549347
  549358
  549380
  549421
  549423
  549478
  549539
  549550
  549632
  549646
  549651
  549665
  549719
  549780
  549806
  549814
  549818
  549854
  549864
  549939
  549942
  549957
  549946
  549992
  614045
  614084
  614135
  614162
  614173
  614182
  614199
  614256
  614273
  614345
  614351
  614367
  614403
  614518
  614544
  614588
  614580
  614596
  614620
  614793
  614821
  614836
  614918
  614995
  614998
  615015
  615034
  615043
  615050
  615079
  615159
  615190
  615193
  615208
  615259
  615306
  615355
  615387
  615383
  615500
  615520
  615537
  615572
  615656
  615667
  615675
  615684
  615749
  615842
  615856
  615869
  615878
  615890
  615924
  615955
  615952
  682012
  682023
  682054
  682082
  682098
  682101
  682093
  682105
  682123
  682150
  682178
  682194
  682192
  682301
  682469
  682477
  682560
  682593
  682675
  682697
  682703
  682749
  682798
  682856
  682859
  682968
  712006
  712004
  712015
  712028
  712055
  712057
  712072
  712099
  712110
  712138
  712162
  712199
  712222
  712271
  712263
  712313
  712315
  712341
  712344
  712401
  712422
  712462
  712501
  712561
  712566
  712574
  712589
  712669
  712702
  712695
  712757
  712783
  712800
  712804
  712852
  712849
  712904
  712906
  712954
  712965
  712955
  712990
  770010
  770004
  770022
  770086
  770093
  770165
  770194
  770205
  770236
  770262
  770279
  770328
  770353
  770364
  770431
  770444
  770451
  770499
  770520
  770593
  770602
  770609
  770628
  770760
  770798
  770824
  770862
  770902
  770923
  770979
  770987
  770996
  771009
  771016
  771048
  771058
  771149
  771177
  771302
  771298
  771350
  771373
  771422
  771507
  771501
  771525
  771578
  771572
  771600
  771622
  771671
  771721
  771771
  771853
  771859
  771861
  771903
  771920
  771945
  771987
  771997
