1598220
1598211
1598223
1598279
1598300
1598319
1598357
1598394
1598439
1598447
1598461
1598471
1598510
1598606
1598824
1598835
1598891
1598927
1598999
1906123
1906253
1906299
1906310
1906373
1906472
1906551
1906642
1906657
1906896
1907066
1907060
1907350
1907372
1907420
1907478
1907592
1907610
1907646
1907655
1907715
1907927
12372096
12372125
12372135
12372236
12372261
12372341
12372371
12372457
12372501
12372496
12372596
12372623
12372610
12372838
12372954
12372972
12372968
13780050
13780212
13780224
13780253
13780317
13780426
13780478
13780559
13780722
13780760
13780807
13780901
13780910
13780934
13780954
13780970
13845023
13845038
13845052
13845198
13845208
13845266
13845353
13845410
13845430
13845461
13845612
13845615
13845670
13845723
13845874
13845954
13845970
13845966
13994038
13994105
13994107
13994457
13994452
13994477
13994512
13994563
13994820
13994892
13994965
13994999
891001
891007
891056
891121
891128
891198
891315
891306
891347
891449
891497
891655
891805
891844
891850
891853
891871
958010
958099
958304
958425
958433
958456
958475
958644
958862
958899
958889
959015
959060
959114
959129
959148
959203
959452
959678
959771
959851
959890
959894
959920
1018178
1018247
1018356
1018401
1018439
1018432
1018518
1018639
1018659
1018704
1018725
1018897
1018917
1018977
1019053
1019066
1019130
1019357
1019471
1019502
1019584
1019605
1019753
1019928
1050101
1050185
1050468
1050522
1050530
1050555
1050730
961159
961225
961240
961306
961305
961319
961453
961554
961589
961596
961636
961638
961691
961725
961859
961965
1093026
1093223
1093523
1093760
1093816
1093834
1093971
896035
896073
896311
896322
896372
896384
896450
896505
896602
896611
896656
896713
896800
896847
896871
896876
927158
927155
927211
927226
927312
927323
927364
927399
927506
927552
927602
927609
927836
927907
927922
927958
282281
282347
282591
282653
282832
282919
283101
283138
283153
283431
283518
283626
283644
283810
283897
283987
548088
548099
548168
548220
548400
548453
548697
548738
548829
548875
549081
549182
549466
549617
549631
549648
549712
614014
614330
614364
614516
614687
614743
614735
614819
614814
614864
615028
615032
615074
615088
615160
615277
615310
615332
615425
615492
615540
615641
615702
615692
615708
615882
682001
682269
682336
682445
682584
682743
682895
682910
682933
682940
682962
712095
712203
712376
712375
712509
712659
712741
712800
712835
712860
770016
770052
770089
770079
770132
770199
770191
770249
770360
770494
770548
770566
770664
770810
770859
770956
770986
771130
771267
771404
771556
771704
771800
771922
771927
771954
771982
